Parameters HN: (8, 4), Epochs: 245, Batch Size: 55, Learn rate: 0.000150
MSE values:
 [0.02997088 0.03008498 0.03180824 0.03015539 0.03132075 0.03235588
 0.03343699 0.02839787 0.03104374 0.03084716 0.03235928 0.03106165
 0.03069383 0.03522717 0.03216176 0.03083335 0.03470987 0.03205953
 0.03126431 0.03108582 0.02835371 0.03075062 0.02961486 0.02959011
 0.03075689 0.03243008 0.02923387 0.02843199 0.03169903 0.03184585
 0.03143565 0.02976899 0.02879023 0.03181779 0.03172526 0.02967266
 0.0292359  0.03119401 0.03094561 0.03011725 0.02957248 0.03142626
 0.0308765  0.0314431  0.03167845 0.03373073 0.02964242 0.03116257
 0.03091919 0.03037675 0.03080088 0.03071891 0.03126465 0.02821839
 0.0297369  0.03043227 0.03241234 0.03163532 0.03201859 0.0324144
 0.03160773 0.02959382 0.03069075 0.02950492 0.03089725 0.03328981
 0.03108514 0.03045545 0.02835359 0.02988083 0.02959846 0.03085151
 0.03195072 0.03371763 0.02888383 0.03081554 0.03013537 0.03052083
 0.03020232 0.03095778 0.02882261 0.03079471 0.03018858 0.0316281
 0.02866717 0.03014558 0.03015453 0.02972377 0.03548838 0.03172297
 0.03138799 0.03007956 0.02927873 0.03003292 0.0310305  0.03141963
 0.0296928  0.0292107  0.03117812 0.02932107]
Mean Squared Error: (0.0308 ± 0.0014), Mean Error: (0.1755 ± 0.003987)
Training Mean Squared Error: (0.0345 ± 0.0062)
Training execution time:  0:11:59.112397 (hrs:mins:secs)

Parameters HN: (8, 4), Epochs: 510, Batch Size: 200, Learn rate: 0.000150
MSE values:
 [0.03042174 0.03743055 0.03045435 0.02981369 0.03106378 0.02879519
 0.02967473 0.03047573 0.03243167 0.03016508 0.029407   0.03380614
 0.03171786 0.03237296 0.02988624 0.0291238  0.02980808 0.03023807
 0.03236056 0.03073118 0.03030849 0.03102684 0.0301341  0.03249174
 0.03132255 0.02991197 0.02892901 0.02911575 0.02954189 0.02886169
 0.03004381 0.03068103 0.03127284 0.02930126 0.0302407  0.03141844
 0.03129584 0.03933735 0.0303835  0.03104234 0.03216778 0.03108439
 0.0285972  0.02959595 0.02949754 0.02848255 0.02992929 0.03206808
 0.03075174 0.03135631 0.02955937 0.02914506 0.03151567 0.02907862
 0.02956141 0.03019933 0.02964462 0.03208738 0.02869109 0.0295841
 0.02983153 0.02957587 0.02914926 0.03094306 0.03118536 0.03067398
 0.02998921 0.03074157 0.03137466 0.03000503 0.03207459 0.02903446
 0.02980362 0.03057636 0.03045019 0.03059836 0.03204551 0.02948651
 0.03141035 0.0292731  0.03224674 0.0301808  0.03181968 0.0302807
 0.03159608 0.02961736 0.03124574 0.03155982 0.03057255 0.02942024
 0.03373347 0.03424903 0.03138935 0.02955909 0.0304855  0.02977249
 0.03173669 0.03281846 0.03054732 0.02925725]
Mean Squared Error: (0.0307 ± 0.0016), Mean Error: (0.1751 ± 0.004501)
Training Mean Squared Error: (0.0363 ± 0.0080)
Training execution time:  0:10:00.132788 (hrs:mins:secs)

Parameters HN: (8, 4), Epochs: 186, Batch Size: 20, Learn rate: 0.000100
MSE values:
 [0.03133627 0.03143191 0.02980793 0.02990997 0.02965584 0.02982785
 0.03094044 0.03082842 0.02952614 0.02943714 0.02954761 0.0314059
 0.03032243 0.02892332 0.03720213 0.0313866  0.02987967 0.02999295
 0.03150449 0.03018123 0.04317949 0.04087951 0.02910189 0.03042015
 0.03847912 0.03265662 0.03088286 0.03089572 0.02996358 0.03108003
 0.03029855 0.02983492 0.0301319  0.03040622 0.0366353  0.02984727
 0.0303205  0.03007304 0.03120617 0.03129469 0.03159258 0.03004688
 0.03025575 0.03146317 0.02897511 0.02999909 0.03001889 0.03157243
 0.03147534 0.03179435 0.02893416 0.03254417 0.03016696 0.03222379
 0.02949087 0.03206746 0.03093658 0.03010597 0.03103855 0.03212923
 0.03088188 0.03019839 0.03034712 0.02992292 0.03083733 0.02969759
 0.031933   0.02783227 0.03450929 0.03360464 0.02953289 0.03051748
 0.0302022  0.03193954 0.03231373 0.03030159 0.02932315 0.03690215
 0.02977877 0.03013016 0.03225205 0.03087112 0.03158702 0.03052513
 0.031488   0.03035658 0.02953838 0.03115162 0.03143561 0.0313582
 0.03175951 0.03923821 0.03050874 0.03169631 0.03042924 0.03472515
 0.03043623 0.02786506 0.03124309 0.03565592]
Mean Squared Error: (0.0313 ± 0.0025), Mean Error: (0.1769 ± 0.006739)
Training Mean Squared Error: (0.0349 ± 0.0034)
Training execution time:  0:24:56.594197 (hrs:mins:secs)

Parameters HN: (4, 4), Epochs: 800, Batch Size: 100, Learn rate: 0.000100
MSE values:
 [0.03380825 0.03124709 0.0301318  0.02902165 0.0327856  0.02951371
 0.0298895  0.0310362  0.02927713 0.0334667  0.03051996 0.03155416
 0.03239244 0.03573062 0.03102458 0.02919999 0.0283754  0.03191566
 0.03156784 0.02941589 0.03382021 0.03052668 0.0289307  0.03269535
 0.03378628 0.02973899 0.03256439 0.03182086 0.03058382 0.02944078
 0.03325636 0.03034656 0.02881229 0.0294936  0.03112949 0.02916209
 0.03040034 0.03317305 0.03469096 0.02888791 0.03050495 0.02916571
 0.03249999 0.02903106 0.03283497 0.03626314 0.03299556 0.0309366
 0.03115757 0.03418423 0.03087963 0.03478582 0.03024621 0.02848201
 0.03354737 0.02953785 0.03820218 0.0296064  0.0319711  0.03253437
 0.02899476 0.02992634 0.03103765 0.0326759  0.03544637 0.02841049
 0.02897279 0.03069561 0.03097147 0.03500211 0.0310434  0.0326959
 0.02990204 0.03447905 0.02971933 0.03064421 0.02984322 0.032942
 0.03320696 0.02761936 0.03035413 0.03006451 0.0295392  0.0331648
 0.03022511 0.02892833 0.03180945 0.03105678 0.03480272 0.03230979
 0.03190973 0.0287084  0.03250983 0.03337669 0.033119   0.03468235
 0.02922876 0.02948625 0.03062665 0.03014546]
Mean Squared Error: (0.0313 ± 0.0021), Mean Error: (0.1770 ± 0.005792)
Training Mean Squared Error: (0.0333 ± 0.0053)
Training execution time:  0:22:10.796797 (hrs:mins:secs)

Script execution time:  1:09:06.928373 (hrs:mins:secs)
No. of parameter configurations:  4

----------------------------------------------------------------

Parameters HN: 10, Epochs: 50, Batch Size: 121, Learn rate: 0.002913
MSE values:
 [0.03563028 0.03533643 0.03544591 0.03656608 0.03523844 0.0302119
 0.03244716 0.03562638 0.0359093  0.03141924 0.03287855 0.03811289
 0.03673587 0.03563068 0.03614452 0.03518782 0.03515968 0.03446643
 0.03250091 0.03643225 0.03402606 0.03166295 0.03924978 0.03422019
 0.03792438 0.03477641 0.03375198 0.03232039 0.03299352 0.03727217
 0.03693955 0.03508541 0.03206728 0.03417713 0.03609248 0.03462248
 0.0338855  0.03517694 0.03236881 0.03405074 0.03891606 0.03286748
 0.03347985 0.03268422 0.03479698 0.03657357 0.03772803 0.03528055
 0.03168208 0.03760191 0.03918775 0.03348693 0.03458907 0.03345484
 0.04052944 0.03422785 0.03415981 0.03345605 0.03507738 0.03401318
 0.03439107 0.03833718 0.03238982 0.03714299 0.03691969 0.03146871
 0.0360971  0.03992493 0.03637984 0.03360577 0.0347793  0.03524319
 0.0318624  0.0331085  0.03742832 0.03495145 0.03582073 0.03630191
 0.037465   0.03728677 0.0367393  0.03454459 0.03597097 0.03800278
 0.03159794 0.03321705 0.03383194 0.03249136 0.03455939 0.03704424
 0.03235985 0.03461671 0.04108548 0.03299852 0.0347527  0.04166605
 0.03784217 0.03496281 0.04113033 0.0363248 ]
Mean Squared Error: (0.0352 ± 0.0023), Mean Error: (0.1875 ± 0.006183)
Training Mean Squared Error: (0.0387 ± 0.0054)
Training execution time:  0:00:30.680800 (hrs:mins:secs)

Parameters HN: 23, Epochs: 96, Batch Size: 103, Learn rate: 0.000762
MSE values:
 [0.03401281 0.03517792 0.03720007 0.03298645 0.03628279 0.03444362
 0.03612102 0.03467607 0.03517394 0.03624511 0.03412509 0.03391455
 0.03474502 0.0369199  0.03418698 0.0343335  0.03493972 0.03489203
 0.03444723 0.03422166 0.03599532 0.03756424 0.03284055 0.03540366
 0.03516103 0.03323769 0.0337373  0.03393304 0.03694969 0.03390959
 0.0383657  0.03472349 0.03230145 0.03465342 0.0337082  0.03663337
 0.03367375 0.03335976 0.03658148 0.03655885 0.03796313 0.03235495
 0.03394068 0.03496404 0.03811086 0.03604837 0.03377653 0.03927165
 0.03281845 0.0370718  0.03702605 0.03389082 0.0355302  0.03402734
 0.03583392 0.03325029 0.03357645 0.03509898 0.03590754 0.03246151
 0.03421729 0.03294164 0.03528438 0.03773418 0.03431435 0.03778733
 0.03721535 0.03432999 0.03421143 0.03380275 0.03609602 0.03474652
 0.03661485 0.03603155 0.03329886 0.03513387 0.03615457 0.03528306
 0.03375191 0.03286139 0.03329309 0.03900179 0.03451786 0.03628284
 0.03271408 0.03358373 0.03457219 0.03590143 0.03465449 0.03458645
 0.03337371 0.03385411 0.03761366 0.03290192 0.03435209 0.04123454
 0.03710092 0.03347669 0.03683164 0.04332094]
Mean Squared Error: (0.0352 ± 0.0019), Mean Error: (0.1875 ± 0.004971)
Training Mean Squared Error: (0.0376 ± 0.0034)
Training execution time:  0:01:08.326155 (hrs:mins:secs)

Parameters HN: 25, Epochs: 36, Batch Size: 1, Learn rate: 0.000106
MSE values:
 [0.03334168 0.03205716 0.03423252 0.0349612  0.03249294 0.0344101
 0.03373954 0.03376161 0.03598774 0.03330097 0.03369893 0.03372594
 0.03475111 0.03377666 0.03396133 0.03533564 0.03546692 0.03565781
 0.03230394 0.03315362 0.03439477 0.03316142 0.03504779 0.03494114
 0.03553979 0.03490452 0.03558833 0.03471311 0.03431524 0.03569903
 0.03627436 0.03530303 0.0351373  0.0333996  0.0335806  0.03393692
 0.03571265 0.03332094 0.03407589 0.03481026 0.03633818 0.03479025
 0.03215334 0.03268019 0.03766945 0.03348647 0.03288519 0.03189413
 0.0319916  0.03495274 0.03316585 0.03441051 0.03449302 0.03232429
 0.03448087 0.03385283 0.03415787 0.03697535 0.03611794 0.03385319
 0.03333189 0.03416624 0.03393993 0.03248514 0.03401372 0.03624593
 0.03470391 0.03587843 0.0333446  0.03399762 0.03649209 0.03357652
 0.03635226 0.03450139 0.03665561 0.03410779 0.03396773 0.03470219
 0.03508293 0.03470374 0.03303427 0.03420913 0.03303159 0.03586286
 0.03449575 0.03452159 0.03353817 0.03538212 0.03325322 0.03463792
 0.03406043 0.03368892 0.03219253 0.03397738 0.03517501 0.03625709
 0.03260791 0.03314978 0.03484726 0.03342512]
Mean Squared Error: (0.0343 ± 0.0012), Mean Error: (0.1852 ± 0.003282)
Training Mean Squared Error: (0.0344 ± 0.0012)
Training execution time:  0:16:44.844915 (hrs:mins:secs)

Parameters HN: 30, Epochs: 141, Batch Size: 77, Learn rate: 0.000443
MSE values:
 [0.03175885 0.03406197 0.0349108  0.03418999 0.03412866 0.03446663
 0.03389267 0.03191755 0.03406285 0.03370815 0.03473802 0.0320911
 0.03361832 0.0361544  0.03421524 0.03477145 0.03416602 0.03289985
 0.03467664 0.03590386 0.03365773 0.03511165 0.03494456 0.03822358
 0.03293615 0.03447763 0.03414881 0.03453582 0.03243001 0.03465056
 0.03350801 0.03358932 0.03509217 0.03510056 0.03521218 0.03427905
 0.03377273 0.03437261 0.03484347 0.03396423 0.03255815 0.03548428
 0.03498841 0.03090606 0.03442154 0.03242283 0.03466794 0.0356112
 0.03268175 0.03356285 0.03432769 0.03566481 0.03261057 0.03454461
 0.03427626 0.0333235  0.03406311 0.03356887 0.03645032 0.03263504
 0.0354928  0.03373791 0.03402876 0.03300194 0.0341675  0.03294514
 0.03481473 0.03407236 0.03363438 0.03317038 0.0326013  0.03286927
 0.03401958 0.03396458 0.03373203 0.03325169 0.03393431 0.03479332
 0.03606537 0.03408323 0.03371421 0.03356299 0.03275299 0.03411976
 0.03352216 0.03571565 0.03401345 0.03437243 0.03453459 0.03340325
 0.03331764 0.03363923 0.03596105 0.03382476 0.03280145 0.03455992
 0.03284772 0.03858623 0.03375359 0.03598273]
Mean Squared Error: (0.0341 ± 0.0012), Mean Error: (0.1847 ± 0.003224)
Training Mean Squared Error: (0.0352 ± 0.0024)
Training execution time:  0:02:04.304566 (hrs:mins:secs)

Script execution time:  0:20:28.452678 (hrs:mins:secs)
No. of parameter configurations:  4